184
443
34
426
836
873
305
491
792
477
461
692
253
590
877
427
397
845
126
582
46
508
197
487
928
827
478
614
145
762
70
329
896
795
446
421
668
751
912
459
918
62
841
170
342
718
287
739
252
103
10
989
612
207
475
229
724
643
533
559
405
294
579
991
88
24
411
756
465
12
905
72
74
746
242
416
153
219
845
95
12
545
84
624
442
249
544
856
893
76
415
988
370
994
978
459
708
388
905
172
400
500
244
164
936
176
270
779
85
805
874
97
349
958
412
791
207
956
646
790
722
751
777
783
744
444
932
141
522
836
3
612
25
938
776
961
804
736
739
889
540
613
677
889
260
88
369
157
734
705
947
145
456
413
928
890
547
859
31
68
385
34
680
410
663
145
61
466
881
800
45
110
102
722
689
363
500
57
210
924
763
157
68
218
260
997
107
808
545
829
876
930
554
246
340
216
391
91
372
963
891
417
72
684
829
762
737
328
509
947
251
271
103
10
179
364
6
978
862
551
806
737
171
359
673
201
575
755
292
638
717
873
54
479
556
884
931
292
902
130
239
844
401
32
854
271
86
550
248
948
791
53
375
962
103
47
162
368
802
144
5
208
17
60
378
573
634
308
556
535
438
485
378
530
517
922
491
604
471
739
241
262
482
616
914
585
664
767
954
155
911
649
364
928
399
742
191
32
740
437
568
869
922
636
398
438
558
579
732
719
317
664
981
799
279
895
74
633
351
718
789
261
366
843
880
456
274
761
488
13
197
746
882
118
382
970
246
630
548
669
348
555
332
19
44
301
604
118
625
955
526
103
906
582
946
785
37
219
545
526
923
432
962
805
550
343
464
487
663
703
846
702
257
177
721
301
168
14
109
793
969
325
896
564
908
531
349
945
750
584
160
673
16
122
167
256
155
631
433
509
23
278
210
972
145
621
963
314
635
72
797
293
87
383
857
995
914
896
630
354
170
480
26
877
602
884
132
448
204
256
957
228
534
857
199
680
477
161
684
802
924
170
94
11
553
641
696
467
537
325
821
707
806
537
583
97
420
405
235
314
661
191
542
886
47
741
255
214
593
939
15
516
108
109
217
352
751
914
509
978
929
19
374
734
246
647
522
666
51
757
670
403
639
212
979
686
643
233
901
926
171
606
442
970
716
349
11
156
262
520
824
191
539
197
615
785
534
827
140
275
584
811
678
222
713
656
598
355
579
188
281
750
795
413
410
200
762
111
46
715
632
870
906
861
757
210
336
290
37
476
565
311
977
934
223
689
279
821
735
859
700
706
298
184
809
398
74
570
510
120
975
141
680
880
692
126
781
27
106
818
194
361
819
170
294
41
550
264
552
975
122
251
680
110
125
488
509
199
748
18
9
723
850
379
292
541
505
763
569
611
270
453
973
88
623
957
129
863
911
682
837
32
623
206
143
749
384
342
638
132
50
648
545
900
26
527
130
222
290
389
833
560
842
495
339
155
142
468
17
52
840
545
776
463
751
609
902
826
951
539
648
691
877
192
590
904
409
410
816
699
800
648
950
641
834
288
486
666
446
194
718
286
739
183
439
179
792
30
4
432
259
652
122
136
534
402
730
944
813
545
332
612
883
281
943
406
259
119
71
706
313
480
682
51
353
811
921
145
531
926
267
790
267
80
616
802
482
35
745
985
270
767
286
153
48
229
249
998
38
11
393
351
491
765
92
844
575
12
679
105
628
637
586
896
717
201
387
889
928
131
874
197
588
159
350
636
78
290
324
116
301
717
467
482
482
249
15
747
262
695
543
890
21
128
475
428
19
862
316
947
683
189
144
271
39
184
597
117
474
921
925
775
638
81
256
810
331
963
556
593
657
98
172
368
917
648
796
937
509
111
573
192
992
717
153
721
592
750
528
65
671
452
531
999
534
477
808
865
439
363
147
786
152
319
153
68
657
639
4
166
441
268
48
122
985
201
843
576
951
370
332
311
513
553
309
46
29
116
601
159
170
438
635
322
757
479
390
104
117
85
270
558
353
8
370
27
900
212
294
540
273
626
852
476
869
160
212
588
968
813
747
137
941
382
459
697
551
539
801
668
624
761
917
667
459
286
695
48
189
679
589
152
995
130
628
863
290
840
450
948
342
888
84
282
960
233
669
510
773
160
177
86
611
784
754
761
70
138
809
950
817
397
101
811
527
729
673
508
258
813
145
290
700
230
572
659
463
931
859
926
90
36
12
392
820
766
152
580
594
961
529
410
358
320
220
575
48
893
773
997
705
919
286
95
839
548
754
992
479
613
918
259
339
620
341
849
385
493
119
669
454
338
78
502
659
298
767
397
881
540
394
585
148
370
680
987
919
124
978
87
427
585
36
456
204
378
995
279
871
113
948
14
452
25
206
801
323
974
197
203
203
591
479
351
652
849
337
260
973
4
37
89
590
73
235
794
141
230
73
12
343
20
717
485
46
924
285
59
587
173
954
790
764
432
140
105
280
167
365
944
171
402
723
761
476
959
555
307
188
318
9
221
338
727
397
74
340
372
134
927
545
87
716
1000
209
856
104
179
713
470
122
884
562
536
335
728
494
580
35
372
898
44
593
235
771
680
0
110
52
134
36
287
912
442
286
120
988
391
299
700
551
112
584
803
648
919
531
832
498
566
203
85
610
486
10
71
857
10
872
909
835
599
886
746
40
172
556
28
253
546
418
494
348
1
296
996
610
827
517
798
392
410
883
693
896
894
454
442
594
15
40
429
304
927
865
345
98
421
63
351
657
171
845
4
173
140
690
473
658
206
962
740
616
534
122
201
427
266
644
712
282
684
140
586
610
4
621
398
115
374
439
772
546
974
776
409
805
155
572
462
361
533
201
667
67
14
559
184
280
893
896
562
266
726
839
567
731
149
965
846
524
94
618
760
67
83
168
872
239
740
333
290
964
225
648
721
239
206
595
209
789
491
772
54
907
300
621
637
449
276
173
973
370
791
422
437
564
590
1000
493
20
332
784
674
247
431
394
176
327
989
386
115
169
848
860
76
838
481
403
286
447
576
950
817
56
371
944
621
652
943
113
362
966
587
35
903
708
119
79
34
107
155
840
968
693
700
734
530
871
136
506
7
713
455
824
769
517
457
79
168
400
193
530
365
470
255
267
178
374
36
212
171
882
743
138
574
132
872
794
693
699
300
700
101
445
213
870
962
670
640
820
69
523
39
124
993
294
392
170
668
428
73
840
0
506
668
574
638
540
58
330
929
48
720
29
493
933
589
145
602
228
655
672
751
695
796
744
679
878
604
347
997
677
877
997
182
544
260
510
774
318
840
702
366
559
731
550
491
320
695
784
238
39
455
990
734
941
423
413
819
26
450
505
704
326
501
576
870
761
86
644
79
616
35
135
866
457
685
46
467
69
830
705
109
975
694
533
606
807
636
424
834
85
619
227
411
119
803
972
570
579
305
339
886
340
475
751
797
850
797
263
920
317
659
28
291
42
251
897
850
888
10
683
973
319
910
74
438
402
736
699
672
40
37
557
70
202
307
558
52
794
821
972
801
169
690
783
212
941
369
61
828
380
744
491
389
343
255
828
435
991
216
106
721
253
663
791
146
660
348
198
454
860
860
945
28
549
727
240
179
96
992
698
166
735
879
555
768
133
72
203
814
288
309
534
232
663
14
378
322
53
266
466
603
125
411
321
364
137
562
233
233
243
621
399
669
499
645
436
632
717
329
445
696
639
669
928
992
374
996
313
427
261
470
720
76
881
40
130
17
292
53
942
536
675
30
204
173
675
640
496
82
660
631
778
989
300
395
980
364
390
983
481
341
452
200
107
332
240
928
40
223
981
672
759
345
702
653
519
67
983
705
149
642
335
617
630
325
11
609
689
401
592
169
432
43
59
539
66
991
156
106
213
827
778
662
172
169
314
381
927
296
85
75
939
420
382
258
746
393
868
434
484
149
294
916
883
353
144
949
33
991
745
246
818
212
908
990
72
912
370
999
208
455
765
837
875
146
785
310
540
652
435
714
491
729
320
374
772
154
12
806
145
448
742
963
660
340
952
422
251
11
421
149
466
185
676
30
331
461
341
561
803
466
275
294
194
285
358
656
439
370
461
584
508
203
236
168
543
878
590
484
889
701
634
44
886
309
766
908
460
797
468
263
262
433
557
456
718
915
111
848
975
263
121
483
156
358
341
389
235
621
873
815
322
196
859
898
196
314
805
656
110
964
919
372
396
165
518
805
770
320
652
745
273
773
918
429
821
258
508
56
879
380
871
891
267
419
789
463
734
593
809
534
556
728
907
643
583
114
137
353
124
789
788
397
251
705
516
72
963
23
819
531
94
379
112
361
798
901
514
221
183
322
756
430
740
352
72
323
156
900
366
281
688
153
368
629
858
575
391
510
288
900
731
72
278
843
433
767
433
637
678
617
650
433
737
389
475
499
402
632
398
768
603
776
921
661
404
468
926
486
978
214
385
399
286
354
241
410
120
365
737
798
982
386
922
408
776
86
907
868
718
304
636
10
79
246
362
173
405
287
659
72
191
735
471
168
88
403
268
208
768
4
696
439
391
307
847
857
394
753
414
802
56
740
813
826
987
865
999
81
842
348
153
724
82
315
892
861
718
850
759
485
854
454
614
935
762
460
481
155
212
896
957
959
635
459
474
311
13
162
392
856
510
236
269
282
551
851
142
268
700
901
443
243
45
56
869
497
206
349
652
418
935
298
66
260
448
230
261
151
392
344
6
903
580
966
875
821
816
708
88
515
298
221
449
343
968
317
840
173
356
181
281
982
170
37
241
308
267
502
459
659
536
156
251
115
121
817
936
938
524
714
142
512
625
591
856
592
598
385
455
955
257
426
626
117
463
867
425
730
58
884
79
285
730
20
400
852
837
26
479
50
740
311
563
365
593
418
647
190
493
793
835
440
218
460
557
682
16
982
101
766
556
180
50
976
201
140
827
728
166
996
779
597
307
341
652
590
449
298
780
942
781
305
382
1000
765
629
681
472
301
472
237
857
653
978
832
544
117
349
271
975
34
740
571
31
80
222
621
529
210
401
161
992
706
233
991
160
862
361
632
162
833
559
709
175
226
231
409
344
270
371
8
304
110
579
336
191
491
647
410
701
738
571
382
133
494
372
294
356
423
616
208
256
866
608
431
91
839
531
125
108
902
133
102
11
712
128
893
202
776
303
594
513
564
976
647
58
38
631
104
461
246
2
407
802
610
529
894
138
59
18
937
961
843
39
662
554
167
245
447
633
548
731
146
802
706
483
550
434
113
344
586
49
347
993
852
647
211
435
786
270
143
722
921
986
761
273
230
619
518
677
251
756
97
87
557
493
570
798
928
373
141
203
423
488
195
965
135
97
89
611
367
232
332
979
218
784
251
448
402
459
815
343
214
602
431
771
94
691
258
712
64
400
915
177
888
801
832
713
898
921
323
955
152
346
933
60
129
874
198
221
332
703
254
236
304
375
698
399
66
956
110
821
355
25
998
934
826
829
336
723
439
350
367
591
696
991
342
515
864
540
736
887
243
990
813
547
55
510
636
121
466
747
632
821
772
629
444
287
147
781
700
276
130
66
867
516
747
899
30
301
439
766
187
372
445
690
919
500
200
555
311
666
992
943
176
453
261
311
740
98
91
129
374
912
886
932
427
633
830
147
934
959
913
811
330
47
500
940
238
700
494
549
55
175
182
923
628
133
233
57
232
14
877
606
616
762
227
733
84
57
880
708
15
482
518
346
529
709
976
457
98
159
697
154
334
879
76
652
11
1000
709
934
13
275
540
319
36
457
51
812
514
931
519
220
102
728
256
631
436
231
779
534
390
475
688
724
43
454
375
745
143
774
679
847
48
909
165
775
365
216
586
570
837
796
790
939
523
45
260
959
967
38
492
356
203
871
79
937
14
144
681
849
918
49
695
656
958
551
430
13
767
707
583
294
502
62
923
24
798
182
983
764
911
164
119
804
725
889
740
430
723
421
278
330
470
663
986
118
213
105
822
981
812
94
965
313
156
887
337
644
760
9
407
670
865
216
164
589
795
904
709
517
14
987
537
175
650
522
293
863
627
805
533
439
899
497
442
745
74
780
388
834
479
485
193
343
391
357
623
185
952
331
392
966
318
929
140
658
450
123
520
767
928
744
896
516
931
338
260
4
808
338
528
977
823
412
320
904
459
943
88
410
273
480
376
281
98
516
939
238
330
149
5
257
893
591
774
513
619
724
518
426
62
736
403
575
838
413
479
297
355
257
707
318
428
773
290
526
980
228
765
309
67
460
566
650
50
29
163
670
444
371
786
196
106
879
771
945
291
940
932
336
888
328
345
315
101
635
531
80
553
295
389
621
755
645
270
496
365
433
856
809
804
641
4
601
520
465
235
501
95
166
838
983
494
873
988
285
507
518
55
59
504
134
370
949
780
641
134
835
764
990
643
568
631
337
859
841
802
93
341
587
950
869
569
133
741
246
419
938
455
474
998
649
609
367
287
78
698
422
913
462
411
245
720
41
582
578
572
73
671
914
661
310
472
920
443
213
166
552
841
311
717
528
650
15
586
937
93
283
358
696
435
770
631
154
501
903
732
73
976
92
987
636
402
148
556
536
51
412
87
893
413
494
420
62
509
5
999
292
980
357
988
414
817
308
569
317
210
991
390
186
83
66
512
175
215
758
401
266
169
489
158
272
983
269
334
182
965
23
474
944
70
462
48
887
460
307
203
671
297
284
547
70
350
58
937
255
817
337
522
676
516
370
949
189
329
973
371
294
996
845
928
756
997
666
642
457
973
536
818
961
820
364
721
169
422
657
425
238
685
637
915
200
697
553
79
26
525
450
10
211
986
938
967
672
294
299
128
266
835
636
917
654
1000
638
513
422
985
628
350
669
955
955
560
652
197
639
678
723
780
688
624
765
315
280
126
609
579
255
566
413
581
482
757
581
810
270
693
795
588
733
153
543
688
713
194
885
42
562
297
822
249
611
276
564
892
402
864
470
347
429
574
929
911
20
199
721
290
582
205
569
314
358
111
692
71
996
267
804
557
254
625
496
866
591
750
757
683
613
917
721
41
180
339
643
201
538
53
181
119
258
750
123
616
551
816
377
236
82
180
483
336
495
979
201
776
729
648
149
31
255
870
764
125
208
406
326
746
149
198
555
407
638
678
713
880
183
781
115
265
651
599
292
146
267
183
612
686
522
761
718
777
630
171
592
528
577
919
273
726
807
518
823
444
887
535
323
69
315
129
25
967
418
317
803
375
500
104
61
712
866
469
488
185
640
771
714
907
689
677
322
185
886
835
629
772
369
643
531
375
772
556
31
880
563
524
254
754
628
315
465
183
474
644
59
804
414
463
400
793
830
722
978
715
246
296
176
616
939
708
681
400
954
712
279
207
235
224
961
553
539
115
737
704
759
486
507
172
949
908
655
778
319
632
493
566
619
359
872
557
66
242
648
711
644
617
918
569
841
568
121
70
683
548
774
442
33
971
304
982
568
650
760
578
972
943
143
590
301
705
838
58
947
485
459
280
101
376
849
943
634
970
12
316
518
476
448
241
446
753
223
705
402
673
282
63
615
115
654
606
820
491
354
456
666
813
736
767
188
274
399
512
243
101
829
451
577
276
693
714
719
606
418
811
278
390
875
583
505
528
879
14
709
233
160
374
45
586
831
925
860
921
436
793
21
264
244
289
231
627
693
950
232
801
761
510
190
325
783
385
853
661
399
251
894
249
625
940
835
145
864
384
65
299
176
778
254
420
757
485
46
449
434
278
940
885
478
129
209
951
204
752
612
293
2
195
542
317
134
66
463
688
450
218
678
316
686
932
737
442
106
473
581
230
442
520
115
610
339
14
561
543
767
863
836
459
57
67
777
883
824
930
260
964
838
938
280
524
559
707
656
355
179
237
586
311
757
391
612
96
405
863
329
862
725
165
11
472
923
478
44
747
97
305
710
935
242
990
148
492
696
805
847
566
41
122
567
488
513
178
274
609
40
604
160
455
459
171
618
381
649
662
127
436
967
528
371
900
517
209
81
904
13
618
159
745
741
416
924
253
595
197
552
325
801
713
471
950
574
88
331
914
750
148
349
407
366
410
997
574
620
77
477
323
695
326
759
435
742
372
379
26
569
621
42
60
333
513
9
598
291
30
511
731
870
550
137
235
651
133
809
961
901
976
283
596
301
732
721
734
103
99
760
363
721
802
423
744
4
122
31
295
844
232
26
713
473
854
638
123
988
447
83
888
112
56
173
104
789
895
838
582
684
287
945
94
780
57
529
784
871
560
770
714
483
796
116
956
649
754
78
326
891
161
905
3
217
768
798
696
662
635
278
36
612
222
130
391
971
659
866
841
910
635
244
392
430
360
347
769
804
425
786
385
276
380
388
493
147
876
189
500
510
157
536
812
69
356
203
39
706
68
570
615
703
814
697
823
173
734
281
668
158
66
52
434
136
130
617
284
5
496
474
205
653
700
16
723
746
910
452
451
978
22
756
370
836
142
192
700
876
164
367
33
230
109
157
57
239
465
31
244
961
505
139
304
895
155
717
640
756
168
91
733
190
537
794
717
680
676
416
555
840
473
279
761
582
436
818
511
591
849
445
552
353
584
546
938
429
262
577
184
430
358
608
311
896
401
27
265
76
133
820
917
606
98
677
878
225
184
388
506
32
523
57
385
106
603
322
225
865
589
410
986
948
708
296
533
799
13
798
875
146
307
481
442
96
848
319
11
31
397
517
63
920
575
138
716
868
150
941
423
430
40
98
377
438
394
600
236
407
397
802
553
394
973
685
490
821
3
501
542
90
18
296
700
283
124
105
150
966
736
263
395
467
361
462
905
445
61
141
542
148
633
785
542
605
469
32
115
162
223
658
252
241
644
642
524
768
747
365
733
483
318
818
640
370
279
544
815
30
375
357
869
7
832
411
613
301
133
728
463
356
75
406
288
719
47
502
177
485
867
600
658
876
418
297
245
387
531
750
108
907
797
977
604
629
77
216
930
210
635
82
257
400
488
235
810
226
737
987
401
294
276
58
169
694
45
104
772
576
854
880
482
651
546
777
279
624
993
899
524
317
981
471
408
159
706
217
75
443
203
476
427
479
224
596
864
960
390
325
535
243
895
708
584
440
484
863
63
166
451
278
174
432
749
582
281
455
799
356
588
692
522
14
861
436
300
414
395
690
739
930
623
633
327
207
764
811
69
517
668
211
795
842
333
544
423
614
999
912
660
276
603
872
290
153
307
590
568
702
970
306
631
592
630
959
799
393
459
559
600
126
770
395
968
102
939
80
406
627
992
756
903
284
627
883
438
934
162
5
635
131
1
956
723
631
604
212
714
754
771
4
880
230
399
538
332
27
618
428
344
300
183
937
584
810
819
21
433
671
717
67
802
719
713
214
39
317
426
444
70
196
448
640
426
537
177
448
254
486
876
598
786
749
224
59
248
733
81
681
403
488
748
204
206
151
418
937
158
535
70
228
731
208
558
848
745
736
986
999
912
552
286
697
300
510
446
549
242
527
229
645
706
668
539
602
819
647
538
977
181
608
895
603
506
142
450
250
568
125
939
479
677
915
866
668
114
312
907
356
529
135
691
234
493
920
837
1
567
374
668
748
673
252
350
178
395
490
119
963
306
748
442
983
663
307
650
777
309
556
824
839
382
204
72
565
124
599
257
381
664
925
819
336
177
860
204
262
349
13
224
345
762
666
328
114
664
668
581
663
915
404
501
987
299
264
241
113
863
498
494
526
423
2
552
290
862
447
552
902
460
776
246
912
132
574
716
486
933
297
148
537
391
340
523
690
604
764
493
466
262
677
993
375
680
234
355
541
681
907
442
141
372
379
743
194
643
459
680
575
446
519
111
837
859
324
217
152
779
710
618
40
77
300
105
757
225
460
988
906
56
120
737
118
499
480
313
141
629
683
717
74
201
518
911
750
533
818
592
311
218
901
41
295
200
146
51
115
296
729
21
42
849
758
160
347
928
473
179
246
156
586
320
47
103
922
488
636
429
79
947
647
980
678
942
871
824
683
986
810
412
697
852
260
455
12
298
72
485
477
319
331
62
329
69
856
941
557
182
370
326
819
16
997
497
959
557
10
331
542
821
743
930
672
694
74
374
992
146
860
158
155
881
911
485
950
456
115
196
638
485
213
147
502
209
644
150
766
344
481
998
164
915
927
527
608
0
591
289
838
140
447
993
21
47
167
661
503
283
548
832
768
761
979
960
660
312
800
115
656
972
112
511
886
730
728
493
730
318
472
257
459
609
250
170
656
107
831
158
80
378
990
849
829
658
498
488
970
989
293
316
960
406
827
845
135
244
27
555
562
499
813
711
107
753
881
763
550
712
611
631
780
291
169
299
949
667
477
919
345
771
925
304
867
751
148
692
685
866
246
246
364
749
648
161
191
528
924
742
930
225
372
400
516
231
699
154
898
866
72
243
636
687
237
502
437
76
884
812
942
130
58
997
569
396
157
451
924
772
192
544
997
254
944
202
485
332
356
72
197
119
5
524
806
243
716
934
9
600
745
951
420
493
947
679
889
104
129
503
566
321
46
562
265
990
764
440
321
810
513
208
929
208
422
735
451
138
668
460
738
412
101
848
596
47
526
484
842
656
987
407
667
32
659
933
712
112
372
723
923
575
932
851
784
353
585
925
181
943
75
609
45
867
456
641
914
673
815
446
328
802
543
995
524
202
617
927
314
680
649
927
945
270
778
418
314
52
343
495
996
108
795
731
975
250
371
578
613
185
714
941
677
257
626
892
149
933
818
153
302
466
80
247
427
548
665
741
600
698
926
285
496
720
15
470
661
386
739
273
262
452
905
629
399
530
520
548
152
337
392
455
494
472
392
921
19
747
351
309
135
276
595
631
687
610
792
347
687
530
310
949
672
214
577
71
434
788
619
587
815
10
732
308
172
123
919
882
560
960
191
695
927
786
16
613
85
808
650
772
27
650
410
699
865
988
770
298
465
79
575
279
780
306
278
953
119
196
834
680
847
715
64
773
500
80
385
586
578
725
47
605
374
458
995
238
135
764
227
600
533
492
879
313
489
156
956
608
43
789
978
890
194
42
662
694
813
737
970
391
151
708
996
525
165
990
454
300
444
371
900
667
863
468
980
351
315
935
650
48
414
317
938
298
359
289
682
863
716
652
253
867
359
939
81
214
619
535
514
753
906
103
419
459
261
89
500
576
714
149
624
818
157
251
115
516
230
798
68
636
139
321
502
188
260
584
402
569
809
916
321
405
709
430
864
970
519
53
236
233
894
860
50
50
802
166
256
722
654
325
358
793
646
550
981
596
133
382
164
633
988
175
37
386
606
591
355
124
644
281
47
537
832
98
587
633
955
844
354
608
168
402
90
504
953
70
791
776
142
955
408
820
821
445
205
426
726
250
240
370
532
979
597
363
76
184
686
721
718
730
18
576
132
108
770
84
869
560
860
701
515
959
520
25
93
415
141
820
665
71
189
887
49
476
249
816
660
625
536
67
355
244
333
487
42
103
261
601
663
811
301
868
769
511
893
863
926
724
682
281
796
561
167
845
36
107
661
387
422
887
144
777
131
478
954
173
581
214
465
243
25
766
111
484
968
694
346
583
418
718
864
213
278
722
748
5
519
408
392
941
295
536
718
116
704
361
980
284
576
444
218
291
901
19
775
868
713
812
450
821
219
314
724
188
726
472
193
935
570
275
875
555
501
282
671
205
644
341
489
910
785
397
200
685
416
665
242
820
166
693
640
386
697
364
574
112
526
457
46
95
732
921
341
232
894
11
127
537
352
307
446
828
704
336
202
120
691
445
940
858
137
269
934
524
323
197
636
849
654
682
635
385
292
976
307
185
677
435
722
720
742
858
547
135
193
439
255
575
884
885
432
711
154
55
234
477
252
560
16
906
241
651
981
224
316
287
409
993
412
822
712
844
679
258
980
563
698
925
137
271
810
259
673
654
314
597
821
256
157
527
852
88
177
832
312
493
809
412
486
221
233
888
64
912
837
734
164
534
659
301
495
158
250
167
812
254
765
322
510
612
850
361
700
717
883
703
901
692
114
76
603
347
964
357
949
800
91
113
23
440
104
519
598
355
376
99
609
140
111
810
752
961
170
142
368
744
845
268
435
959
344
728
996
307
84
944
107
866
747
130
305
852
339
593
897
406
692
505
546
804
314
989
454
175
821
822
919
665
89
43
313
433
771
999
431
545
632
228
411
379
48
406
921
388
1000
817
794
691
11
29
184
16
708
639
882
218
460
800
573
240
533
576
363
303
574
794
538
206
712
949
585
761
45
195
839
44
11
322
425
713
41
610
729
440
939
610
658
88
99
922
328
632
497
692
625
71
175
163
277
888
802
552
648
847
747
176
581
448
498
6
160
539
616
580
979
244
880
327
332
980
248
661
301
745
42
927
506
908
780
473
795
271
24
132
809
461
308
389
599
496
395
450
35
701
720
704
945
599
30
277
268
969
628
570
714
670
496
219
577
966
693
62
236
407
885
44
559
884
434
848
379
519
988
104
220
707
809
164
306
529
131
574
498
759
834
902
118
19
120
386
985
503
138
912
601
22
646
850
596
79
697
976
289
375
79
509
81
578
363
77
107
185
342
295
634
175
196
753
195
6
829
179
200
967
781
801
679
427
340
275
196
727
250
485
101
19
684
183
598
47
951
395
923
292
690
556
468
886
308
353
892
136
222
91
793
3
582
472
430
922
437
626
649
687
111
750
396
795
623
994
532
574
388
454
556
77
10
714
653
8
66
235
836
289
326
628
292
599
790
722
520
226
37
859
603
148
299
1000
634
612
683
165
185
762
310
432
839
10
145
182
18
212
417
544
501
433
863
793
31
652
204
242
569
241
100
862
80
89
861
714
702
544
569
577
305
569
8
834
579
154
706
288
366
122
832
557
246
694
39
277
36
243
209
295
174
310
156
254
89
17
658
791
251
918
368
246
486
66
770
756
220
166
43
276
979
565
523
224
259
562
192
986
495
401
280
670
401
436
614
491
143
963
281
84
880
339
20
55
406
791
811
316
647
544
593
625
109
115
850
368
368
732
353
863
132
323
222
534
759
837
715
593
489
996
677
368
25
698
423
121
178
925
437
825
468
720
449
577
526
989
635
894
410
678
446
543
0
669
767
760
195
481
352
684
166
719
742
882
416
855
2
284
779
440
108
247
850
248
514
375
927
149
959
337
827
95
570
828
764
336
277
649
817
319
22
673
37
454
555
144
308
557
428
778
687
227
715
537
475
228
602
91
377
251
118
895
346
688
722
800
23
689
138
530
7
160
894
735
614
448
569
612
695
998
389
382
224
103
609
389
332
901
480
399
151
599
293
187
977
705
987
0
83
124
220
781
975
113
516
278
251
84
891
947
772
279
18
686
73
627
74
95
217
245
494
369
534
478
556
510
873
233
200
957
357
421
427
332
224
633
610
476
718
190
422
179
160
440
866
233
757
940
328
974
875
512
32
408
680
279
609
243
512
809
890
559
920
316
581
144
950
882
620
357
71
732
536
231
862
91
154
618
722
172
281
596
375
4
695
745
283
303
988
485
802
567
43
722
884
625
866
523
506
485
570
267
216
796
499
77
888
343
385
609
516
356
895
891
360
589
325
333
582
313
818
384
570
862
105
453
486
971
666
682
145
235
949
51
722
137
819
609
481
203
908
997
249
492
577
610
772
902
943
353
905
451
427
475
312
532
618
488
192
975
169
337
209
117
78
931
255
897
229
426
790
827
422
39
319
689
339
90
590
972
443
185
422
871
660
734
92
968
912
976
942
80
2
842
889
81
462
834
978
692
259
458
208
681
187
527
59
526
617
339
187
751
524
610
311
874
33
93
842
636
68
473
716
71
314
604
152
777
127
820
158
386
968
366
757
154
584
816
370
891
155
558
331
369
858
642
243
581
426
84
216
494
557
623
565
562
917
407
338
44
918
186
430
885
242
878
730
826
693
99
407
538
347
738
908
204
70
150
476
496
925
382
990
171
4
245
733
922
342
761
656
259
637
85
835
570
653
564
395
346
663
492
884
10
230
481
905
300
631
70
486
245
453
475
107
147
410
840
759
753
291
414
11
618
190
846
187
843
409
273
188
763
765
763
463
685
243
57
675
565
128
160
500
271
636
607
418
736
137
177
488
118
281
500
736
471
35
924
314
135
887
192
588
651
955
50
336
889
798
701
143
616
862
643
887
497
941
996
232
77
863
411
195
143
601
621
305
326
544
619
461
430
501
739
772
456
479
798
34
277
498
868
893
359
200
470
546
140
155
469
217
17
570
102
851
170
724
846
496
958
464
648
78
966
386
850
111
866
337
836
142
525
393
725
575
593
194
120
734
349
279
641
56
849
744
598
709
467
443
205
424
598
853
502
563
238
41
364
794
378
890
936
594
282
661
168
875
545
979
298
895
258
940
641
797
683
238
506
840
682
401
954
279
944
456
532
181
187
586
976
256
475
601
850
447
952
17
321
497
996
620
81
944
249
722
431
932
651
937
461
332
27
414
301
971
560
523
842
748
799
507
3
964
108
543
410
59
560
421
246
245
731
327
189
980
49
620
601
700
246
61
722
964
166
713
934
726
926
775
473
724
282
166
377
80
399
787
830
959
898
76
895
629
93
774
608
833
83
900
222
329
651
944
292
817
346
916
543
962
690
706
375
662
563
752
742
962
228
572
611
126
338
505
755
431
969
52
264
51
952
486
70
293
120
362
109
156
968
342
118
657
739
493
319
301
245
751
953
473
12
563
599
350
758
43
782
416
96
736
467
738
221
537
30
341
589
831
498
556
172
306
213
601
799
222
902
734
663
545
898
676
798
186
25
246
230
497
662
16
232
129
444
144
666
165
175
255
996
363
501
858
669
404
459
158
626
50
582
980
595
479
655
393
666
370
329
586
558
991
292
480
119
736
624
476
901
490
421
586
853
922
444
212
326
593
370
642
643
952
621
929
121
275
11
477
336
340
62
894
20
354
373
140
780
688
306
681
177
727
957
720
338
400
932
354
683
301
997
16
944
617
945
64
583
646
541
609
676
293
502
696
337
565
526
807
943
832
177
119
248
134
840
587
534
461
941
908
453
627
924
396
935
558
150
207
203
381
816
569
364
7
955
391
572
481
197
515
2
375
324
251
509
854
528
733
315
158
640
768
476
253
854
410
811
694
617
704
765
432
272
128
129
227
519
391
398
716
596
400
781
921
341
289
464
869
22
469
718
352
236
193
606
780
603
416
163
910
811
928
31
82
55
160
1000
264
551
397
671
147
488
451
758
829
431
221
698
143
691
105
495
617
298
791
87
591
898
250
190
708
178
221
480
924
381
480
879
932
567
549
769
54
690
526
884
120
438
271
263
819
66
449
435
54
239
522
645
136
463
835
534
331
746
14
945
126
184
823
748
751
61
207
496
752
733
379
562
861
340
826
679
406
274
114
460
203
326
795
340
479
319
874
810
64
578
755
881
762
267
628
203
19
525
699
771
258
77
22
809
107
848
488
203
812
292
663
15
308
147
45
788
466
609
287
220
187
732
100
639
1000
418
842
18
944
540
479
892
307
191
390
414
730
878
617
541
860
970
246
168
807
982
646
963
591
933
182
468
665
973
106
354
81
949
62
24
178
231
606
486
422
996
590
151
564
207
383
423
867
629
281
674
301
617
636
582
550
509
49
905
481
846
949
562
484
10
276
663
932
572
148
353
568
738
195
822
635
578
935
192
897
216
866
197
833
191
779
72
700
518
667
872
54
615
433
538
315
400
200
937
972
38
290
229
467
175
50
792
753
986
984
339
892
539
537
414
731
5
177
430
214
844
992
268
149
425
806
154
515
697
91
176
735
71
406
892
246
146
684
689
822
667
27
403
897
254
818
627
260
995
747
474
528
739
742
677
854
237
832
368
934
613
234
359
684
640
250
620
477
624
308
298
982
335
392
878
590
209
504
540
894
941
704
421
369
445
98
222
682
620
280
306
232
515
355
606
845
605
225
321
920
223
310
901
248
702
468
528
601
972
67
494
602
771
915
972
906
12
884
278
322
164
274
554
369
629
850
213
924
74
225
843
988
535
433
236
927
901
454
527
562
522
20
164
983
935
135
579
638
709
857
960
873
130
204
241
449
53
145
372
819
370
215
806
905
648
732
521
239
186
47
801
398
67
965
380
692
790
649
19
499
505
980
61
325
874
994
774
927
138
837
435
508
51
241
102
389
973
623
628
849
360
119
246
117
774
317
809
254
966
829
443
161
498
504
176
371
497
641
988
325
477
423
833
218
354
625
607
16
938
926
866
297
735
111
104
508
118
914
762
84
432
204
936
620
399
111
681
896
752
358
221
919
781
744
136
825
59
434
842
997
49
707
985
784
508
88
982
317
692
434
91
814
638
26
123
727
828
804
313
270
162
224
188
633
968
325
458
717
449
990
714
498
386
388
972
584
166
953
901
859
386
992
362
715
17
486
441
536
980
754
806
832
978
994
465
636
8
613
352
457
602
756
955
678
834
616
261
0
569
162
549
645
844
911
49
552
86
491
87
66
935
893
898
603
886
52
929
895
665
971
41
957
727
687
634
250
302
586
250
561
748
489
897
281
400
946
833
486
126
920
552
61
502
140
354
388
192
282
973
548
252
704
194
669
390
519
610
693
104
860
944
852
349
840
132
439
786
656
615
912
575
858
663
77
998
707
155
189
679
818
427
932
521
622
290
912
140
590
294
244
140
928
786
179
768
608
618
243
263
232
154
529
89
508
296
777
214
141
657
894
959
83
515
169
395
495
771
225
85
64
159
225
683
945
94
450
243
712
383
196
634
537
725
414
735
711
190
640
852
847
223
500
621
738
670
15
923
440
241
698
195
400
613
878
35
707
17
278
108
400
164
743
627
890
156
362
290
346
692
142
884
915
642
504
342
1
209
264
442
140
963
637
541
265
204
266
973
221
234
80
311
398
513
938
978
669
990
268
706
371
100
279
285
742
783
627
434
682
582
876
823
234
202
53
499
96
319
471
7
553
242
318
641
755
946
619
114
626
887
820
997
987
98
282
418
571
599
852
252
180
417
765
414
309
818
914
405
827
74
412
69
6
420
711
762
366
329
876
992
906
385
678
582
173
650
690
434
249
232
376
119
339
141
534
649
959
137
53
786
902
156
545
599
576
255
360
632
274
926
623
179
0
992
451
173
641
141
297
890
63
673
9
402
814
233
50
463
60
795
939
652
951
483
250
216
739
300
849
703
225
161
883
916
152
23
779
794
855
75
373
918
749
72
10
252
305
60
715
55
545
653
708
185
827
958
402
255
258
941
958
173
101
530
780
254
554
558
738
408
324
110
16
72
183
717
324
178
467
730
234
12
72
632
197
899
589
289
153
537
229
802
401
21
331
180
275
885
428
12
984
752
813
690
824
996
406
839
865
873
258
98
575
330
420
773
920
8
752
763
236
672
564
637
693
896
507
968
470
935
670
143
687
172
833
200
859
238
38
723
802
987
511
376
317
931
839
927
629
591
379
555
953
634
191
645
219
388
302
689
323
662
833
700
834
355
900
692
284
939
104
85
925
615
151
932
235
991
548
555
271
928
109
223
251
992
558
470
379
860
849
392
521
681
91
354
727
992
737
10
620
841
95
234
146
937
857
71
927
404
626
888
21
426
801
272
417
358
432
486
217
281
569
738
652
660
783
378
341
209
388
961
740
173
195
576
110
51
648
727
145
964
615
858
79
415
129
496
774
252
673
681
533
241
109
184
901
582
253
242
791
641
893
530
505
778
106
615
519
444
341
665
97
646
522
177
752
341
363
525
283
35
896
816
276
4
691
868
586
634
800
66
274
382
597
469
160
393
83
679
527
115
33
624
451
245
801
202
277
164
417
560
890
313
66
857
7
757
414
594
390
904
660
354
285
947
824
445
29
597
815
556
402
538
180
854
784
671
746
60
525
163
310
415
476
376
962
173
132
375
767
212
278
117
257
563
754
771
699
784
57
203
339
460
431
209
3
214
881
749
965
405
602
275
510
77
651
471
942
474
846
398
376
814
515
633
67
960
93
456
743
151
349
772
301
780
982
995
995
862
433
649
957
35
924
467
803
265
938
744
739
474
142
805
287
657
438
44
306
221
500
48
372
849
511
363
629
492
357
313
43
791
962
1000
516
576
156
318
841
94
62
269
258
204
73
235
551
201
280
858
423
780
596
485
319
106
539
948
288
586
951
331
66
912
21
582
487
177
901
17
962
963
286
910
857
50
145
407
251
425
264
364
895
551
540
904
347
78
851
636
664
801
657
731
403
368
312
580
236
903
598
197
865
884
107
721
934
943
819
876
367
773
239
952
323
779
856
361
547
396
687
211
888
343
632
290
402
634
560
638
537
157
525
91
41
322
503
665
264
11
230
321
784
470
964
798
939
819
158
176
905
845
77
792
878
709
772
279
32
332
607
259
489
823
41
220
835
544
576
99
245
806
110
28
966
73
826
595
582
674
771
177
518
538
969
86
246
431
365
969
453
663
228
632
175
269
543
9
503
809
799
748
304
910
466
961
673
983
555
946
656
15
122
174
553
781
260
489
902
315
457
354
668
375
677
843
644
219
543
837
27
341
584
331
941
741
291
304
723
536
249
378
241
61
242
484
532
192
663
434
508
120
478
866
185
154
399
830
63
942
666
90
282
941
112
223
681
93
217
403
630
466
471
561
217
714
45
749
906
398
873
103
518
351
970
394
195
58
223
259
1000
579
349
972
209
151
885
580
245
101
673
565
257
144
125
474
858
861
223
453
259
786
557
467
136
216
861
22
274
774
281
273
43
320
935
252
472
820
523
717
921
195
972
178
339
96
342
887
648
255
340
597
41
587
754
868
803
305
890
76
78
170
39
812
491
974
64
653
483
277
369
404
472
340
272
502
126
304
78
464
560
108
751
601
695
505
158
187
810
48
954
578
909
993
390
89
657
144
742
139
421
110
233
583
140
195
84
958
500
163
111
59
962
863
350
657
367
508
534
867
246
488
444
155
480
524
244
827
668
677
967
88
787
199
362
618
395
446
265
585
299
376
644
261
238
684
608
295
882
141
161
128
319
296
974
800
510
908
626
178
584
282
957
61
172
318
369
257
455
634
842
754
9
175
705
939
859
2
233
740
144
85
558
463
71
221
953
581
820
269
449
93
241
406
154
413
414
213
670
869
847
511
623
547
376
17
485
234
20
718
665
855
493
913
7
254
134
651
836
644
920
284
737
851
380
582
264
795
795
624
663
332
826
976
879
201
684
363
436
704
771
791
558
955
703
255
208
527
906
43
861
515
18
598
366
398
870
630
883
664
253
236
996
769
902
874
971
585
927
96
288
698
887
536
652
279
792
860
497
387
594
357
903
612
645
268
700
514
588
273
178
531
509
864
300
410
428
270
996
354
56
974
51
943
200
703
912
682
253
98
68
847
146
971
148
791
929
538
305
516
811
173
47
319
727
37
420
154
998
415
509
53
78
560
686
969
954
287
650
897
386
409
743
532
379
581
322
999
118
317
204
620
180
942
939
908
979
48
752
976
153
260
28
232
511
714
200
154
692
541
50
77
950
483
609
18
63
621
16
872
629
221
491
499
162
120
406
141
168
158
807
322
108
526
244
619
930
444
773
621
675
513
698
624
996
997
643
58
308
659
931
937
570
111
435
733
231
532
564
400
380
370
412
488
896
656
798
826
790
570
446
465
83
835
88
769
831
731
828
829
80
448
765
650
249
891
72
481
112
636
571
492
697
983
670
282
638
467
107
117
728
244
582
501
769
671
269
289
91
787
118
171
925
573
512
174
463
584
345
265
911
916
757
607
588
117
889
916
584
687
32
1
621
615
502
389
976
462
368
66
939
486
929
864
59
130
728
212
714
72
478
314
678
925
921
265
41
500
180
316
186
212
7
497
517
200
576
492
662
944
559
290
120
177
153
179
307
571
81
711
643
559
25
10
174
636
275
906
826
145
912
702
358
920
198
875
119
464
57
471
408
616
761
528
483
605
397
480
866
478
190
199
728
906
209
902
232
485
807
57
320
719
760
678
638
648
243
447
112
300
608
210
606
368
428
779
663
825
258
529
302
138
728
29
735
937
621
967
111
428
714
432
837
163
800
164
502
733
611
614
723
909
514
18
276
942
797
630
766
745
849
758
884
576
478
308
202
98
965
4
216
678
126
52
532
616
907
33
349
207
337
762
115
541
781
82
482
267
712
938
12
560
385
586
826
863
894
27
652
858
722
558
225
848
301
757
464
207
480
503
415
507
264
530
47
735
302
529
693
13
156
395
263
542
981
88
94
564
807
746
111
218
304
336
66
605
784
220
502
954
723
917
461
677
137
508
102
439
728
795
143
884
189
406
115
860
185
210
113
682
956
224
900
950
250
656
244
724
876
747
368
288
663
829
656
490
26
758
620
444
552
763
18
431
859
133
981
734
343
93
105
990
7
696
629
948
351
874
672
918
620
730
205
973
248
861
463
965
308
82
409
860
535
117
981
83
941
961
818
284
744
923
964
751
308
592
699
660
465
60
577
775
790
472
748
728
23
210
692
331
983
100
882
517
217
862
290
158
513
107
132
256
721
786
7
28
67
396
378
223
146
645
998
626
808
745
353
831
645
44
852
317
145
733
524
52
285
815
901
798
922
723
744
332
198
751
51
957
837
429
179
983
74
867
608
882
612
961
402
947
5
253
264
841
677
788
583
652
292
174
139
214
587
883
236
476
324
287
432
160
407
611
834
481
477
441
52
779
92
144
416
788
397
370
318
764
848
591
105
140
455
244
44
42
127
280
518
141
258
950
301
665
250
134
145
417
266
888
196
358
31
612
836
118
672
153
573
519
434
678
659
890
923
703
932
740
984
139
881
932
779
872
596
28
697
431
445
963
318
331
10
39
633
846
157
304
689
730
824
122
98
172
702
711
876
633
450
549
462
20
480
240
892
766
959
278
196
94
240
204
425
941
243
749
476
90
743
855
511
256
668
609
429
369
319
304
2
459
543
154
479
713
395
60
478
43
339
674
137
269
878
253
901
811
692
376
901
434
231
411
691
899
19
810
267
338
804
960
797
346
805
966
58
199
717
536
933
55
900
70
14
777
13
915
587
705
291
487
829
212
589
209
801
608
18
67
637
822
718
123
858
522
89
606
411
496
141
343
241
40
103
255
507
807
861
784
201
842
962
721
53
550
930
854
157
639
611
484
150
18
608
699
230
387
304
641
883
446
675
123
176
468
68
374
966
619
157
857
460
118
577
203
668
197
747
516
836
48
1000
676
66
607
374
297
684
679
628
256
815
993
69
681
151
138
54
807
757
212
663
908
330
240
110
689
437
858
204
963
596
203
328
662
501
703
649
184
71
968
131
576
650
200
256
491
338
1
297
786
213
961
383
233
200
493
922
327
40
816
980
636
19
307
989
520
700
327
394
461
985
525
36
635
416
984
125
754
985
113
229
888
73
612
120
964
796
733
981
836
548
960
162
257
957
841
467
657
167
862
117
152
76
845
477
492
828
292
937
812
405
856
699
168
158
509
822
954
932
802
479
480
451
641
737
98
171
204
755
339
756
562
181
522
406
348
705
924
330
641
735
426
186
123
594
344
323
106
297
254
598
467
734
49
107
161
147
970
365
592
308
811
153
179
332
250
217
727
173
547
57
599
973
244
722
257
588
735
363
576
990
961
42
723
700
840
574
537
809
629
128
807
439
973
676
462
913
893
188
776
440
246
374
412
180
787
669
768
521
722
33
510
683
75
924
72
916
497
610
414
126
428
221
255
90
897
407
693
480
596
469
920
532
843
21
712
319
691
169
531
412
203
40
785
278
654
858
884
842
157
989
968
585
209
913
366
796
320
58
966
916
527
885
137
60
907
539
69
287
708
600
389
911
641
174
880
985
722
453
826
879
441
483
153
340
396
519
827
716
268
792
321
795
367
148
545
273
687
615
250
394
214
639
996
545
503
565
530
915
708
45
483
149
529
637
179
615
846
5
330
113
488
341
599
855
489
834
818
866
448
758
950
353
86
635
898
590
199
117
194
598
854
678
747
382
4
616
997
540
312
16
654
800
47
943
344
536
776
852
91
915
609
40
267
695
676
855
975
565
663
169
162
516
537
599
898
541
215
584
80
217
290
424
16
337
56
50
563
833
902
654
437
510
694
704
895
59
248
870
625
911
38
477
116
265
76
13
806
982
287
576
198
577
0
905
914
56
955
166
579
546
820
15
746
204
409
640
263
348
509
578
258
237
55
375
502
822
78
998
803
56
574
691
323
264
285
928
10
930
93
280
475
914
295
220
117
395
550
70
743
59
649
691
987
704
756
179
215
525
176
17
271
440
398
594
394
683
521
405
302
615
685
467
218
670
377
25
755
927
95
497
676
434
879
663
828
324
842
42
849
708
750
810
839
147
404
232
520
925
637
512
229
11
979
137
682
355
162
436
282
949
624
958
72
192
310
901
516
842
943
55
240
693
865
78
530
959
310
50
574
638
252
803
649
231
631
20
586
483
147
868
121
461
516
194
343
826
94
859
358
36
604
598
419
159
676
950
117
986
690
691
313
942
184
963
172
815
673
449
297
510
316
419
971
522
